*SVM:
No emo = [16, 19, 17, 17, 18, 17, 18, 18, 18, 18]
Anger =  [16, 17, 17, 18, 17, 19, 16, 18, 17, 19]
Hate =   [19, 15, 19, 13, 17, 15, 15, 15, 17, 16]
Grief =  [11, 16, 13, 15, 15, 11, 15, 15, 13, 16]
P-love = [14, 13, 14, 15, 15, 15, 15, 14, 16, 16]
R-love = [12, 9, 13, 12, 13, 16, 12, 15, 13, 15]
Joy =    [15, 15, 12, 13, 13, 14, 17, 15, 13, 15]
Rever =  [20, 15, 16, 17, 18, 17, 19, 18, 18, 19]

*RandomForest:
No emo = [18, 17, 20, 17, 18, 19, 20, 18, 19, 18]
Anger =  [18, 17, 18, 17, 19, 18, 18, 17, 19, 18]
Hate =   [16, 14, 18, 12, 17, 17, 18, 16, 17, 18]
Grief =  [16, 14, 12, 14, 14, 13, 14, 14, 14, 16]
P-love = [14, 13, 16, 17, 15, 18, 17, 16, 16, 17]
R-love = [10, 11, 14, 15, 9, 12, 16, 15, 15, 17]
Joy =    [16, 13, 12, 13, 14, 16, 14, 15, 14, 14]
Revere = [18, 17, 19, 19, 20, 18, 19, 20, 20, 20]