ECG: trung bình, med, min, độ lệch chuẩn, phương sai, lệch 1
BVP: med, max, min, độ lệch chuẩn, phương sai
SC: trung bình, med, max, min
RSP: trung bình, med, max, min, lệch 1


SVM:
30% [0, 1, 4, 5, 6, 10, 14, 15, 17, 18, 19, 20, 26, 27, 28, 29, 39, 40, 42] Best res: [0.775, 100, 0.1] [0.78125, 200.0, 0.1]

80% [0, 1, 3, 4, 5, 9, 14, 15, 17, 19, 20, 22, 26, 27, 28, 29, 39, 40, 42] Best res: [0.81875, 100, 0.2]

60% [0, 1, 2, 4, 5, 10, 14, 15, 17, 19, 20, 22, 26, 27, 28, 29, 39, 40, 42] Best res: [0.80625, 100.0, 0.2]
    [0, 1, 2, 4, 5, 14, 15, 16, 17, 18, 20, 22, 26, 27, 28, 29, 39, 40, 42] [0.7875, 100.0, 0.2]
    [0, 1, 2, 4, 11, 14, 15, 16, 20, 22, 24, 26, 28, 29, 32, 40, 41, 42, 51] RF [0.79375, 500, 30]

20% [1, 2, 3, 10, 11, 14, 18, 20, 21, 22, 26, 27, 29, 32, 40, 41, 42, 45, 47] Best res:  [0.7625, 500, 20]

10% [0, 1, 4, 5, 6, 10, 14, 15, 18, 19, 20, 22, 26, 27, 28, 29, 40, 42] Best res: [0.7375, 100.0, 0.2] RF [0.7562, 100, 20]

0% [0, 1, 4, 5, 9, 10, 14, 15, 16, 17, 19, 20, 22, 26, 27, 28, 29, 30, 39, 40, 42, 43] [0.7188, 200.0, 0.2] RF [0.7125, 100, 10]

50% [0, 1, 2, 4, 5, 10, 14, 15, 16, 17, 19, 20, 22, 26, 27, 28, 29, 39, 40, 42] [0.7875, 500, 0.1] RF [0.7938, 400, 20]